\documentclass{article}
\usepackage{tikz}
\usepackage{pgfplots}

\begin{document}

% This file was created with tikzplotlib v0.10.1.
\begin{tikzpicture}
	
	\definecolor{darkgray176}{RGB}{176,176,176}
	
	\begin{axis}[
		tick pos=both,
		x grid style={darkgray176},
		xlabel={Temperature (K)},
		xmin=0.1, xmax=59.9,
		xtick style={color=black},
		y grid style={darkgray176},
		ylabel={$\mathrm{C}_\mathrm{v}$},
		ylabel style={yshift=-5ex},
		ymin=3.75e-14, ymax=2.5e-13,
		ytick style={color=black},
		yticklabel=\empty,
		scaled y ticks = false,
		]
		\addplot [semithick, black]
		table {%
			4.5 9.07038840133669e-14
			5 9.36579684193402e-14
			5.5 9.3671339122645e-14
			6 9.56995251127733e-14
			6.5 9.68699870196971e-14
			7 9.92766023772436e-14
			7.5 9.93463341022233e-14
			8 1.01172940974157e-13
			8.5 1.03467177306436e-13
			9 1.05735258411622e-13
			9.5 1.07100686624861e-13
			10 1.09989393406006e-13
			10.5 1.12542550376525e-13
			11 1.1656484810784e-13
			11.5 1.16983795269059e-13
			12 1.21314463620709e-13
			12.5 1.25791567097397e-13
			13 1.30098044795022e-13
			13.5 1.31966854843475e-13
			14 1.3755002693741e-13
			14.5 1.46585260101429e-13
			15 1.55676204882924e-13
			15.5 1.58320493122176e-13
			16 1.65532142910327e-13
			16.5 1.76559993828617e-13
			17 1.95811081926064e-13
			17.5 2.10504578001919e-13
			18 2.36753097366735e-13
			18.5 1.95624218255414e-13
			19 1.49432900648821e-13
			19.5 1.36592634809015e-13
			20 1.2719228480419e-13
			20.5 1.21408214699233e-13
			21 1.15327839863652e-13
			21.5 1.12514357835079e-13
			22 1.07816474972849e-13
			22.5 1.04212127958999e-13
			23 1.00371728074597e-13
			23.5 9.88126104885318e-14
			24 9.66790602924424e-14
			24.5 9.35800469796064e-14
			25 9.08669996798877e-14
			25.5 8.82427902287769e-14
			26 8.70860441012457e-14
			26.5 8.38594169942009e-14
			27 8.24119132477613e-14
			27.5 8.02599171306012e-14
			28 7.92360081138177e-14
			28.5 7.6404009947687e-14
			29 7.44612616191037e-14
			29.5 7.35124802511918e-14
			30 7.17008087583856e-14
			30.5 7.01806270998002e-14
			31 6.79751447964717e-14
			31.5 6.63500543290717e-14
			32 6.51176301598945e-14
			32.5 6.39101799649023e-14
			33 6.2310919007647e-14
			33.5 6.0927229395256e-14
			34 5.95132353460364e-14
			34.5 5.87628307732914e-14
			35 5.73830337090659e-14
			35.5 5.6396949238333e-14
			36 5.53574963802261e-14
			36.5 5.40395506619336e-14
			37 5.30028212946434e-14
			37.5 5.192938151015e-14
			38 5.11301609268897e-14
			38.5 5.01075540149188e-14
			39 4.90022931932822e-14
			39.5 4.80712968528957e-14
			40 4.69469933649373e-14
		};
		\addplot [semithick, red]
		table {%
			4.5 8.92812720741643e-14
			5 8.93821333270424e-14
			5.5 8.91888020181728e-14
			6 8.98273459918405e-14
			6.5 9.07787726017841e-14
			7 9.15847875996091e-14
			7.5 9.24535584071761e-14
			8 9.33617035543784e-14
			8.5 9.28110120305461e-14
			9 9.17316893237229e-14
			9.5 9.49658584290472e-14
			10 9.46955257375399e-14
			10.5 9.48446725810149e-14
			11 9.5920357441715e-14
			11.5 9.72756715639185e-14
			12 9.89454807997349e-14
			12.5 9.91475204110653e-14
			13 9.87333064657522e-14
			13.5 9.99794693192863e-14
			14 9.84098398690191e-14
			14.5 1.01500973446052e-13
			15 1.01461306446443e-13
			15.5 1.02960217256616e-13
			16 1.03442923946741e-13
			16.5 1.04116892904946e-13
			17 1.05477500575434e-13
			17.5 1.05256639051347e-13
			18 1.05882378007713e-13
			18.5 1.07450611883376e-13
			19 1.08734454518867e-13
			19.5 1.09866601557687e-13
			20 1.11253622961635e-13
			20.5 1.13116437076343e-13
			21 1.11967970104868e-13
			21.5 1.14817071988033e-13
			22 1.14650159290378e-13
			22.5 1.17436532013413e-13
			23 1.19866520641043e-13
			23.5 1.21109005197195e-13
			24 1.21602212761806e-13
			24.5 1.24537491011296e-13
			25 1.258909322005e-13
			25.5 1.26818911222162e-13
			26 1.29868062252225e-13
			26.5 1.31718580325914e-13
			27 1.32642830153934e-13
			27.5 1.35072264413383e-13
			28 1.4031611714716e-13
			28.5 1.41579849936813e-13
			29 1.4396669568882e-13
			29.5 1.50020177918055e-13
			30 1.53929571990775e-13
			30.5 1.60612667349382e-13
			31 1.84452173386414e-13
			31.5 1.87799925564216e-13
			32 1.79349572790457e-13
			32.5 1.67259850810642e-13
			33 1.60272257040215e-13
			33.5 1.5469857599664e-13
			34 1.49206090617921e-13
			34.5 1.48151983590907e-13
			35 1.43511685936395e-13
			35.5 1.4130533726567e-13
			36 1.38489928569628e-13
			36.5 1.34253503918035e-13
			37 1.31120853710953e-13
			37.5 1.29019316336875e-13
			38 1.24971215875243e-13
			38.5 1.22369411695453e-13
			39 1.20132534681017e-13
			39.5 1.16399408804917e-13
			40 1.13368504773341e-13
			40.5 1.09322775115551e-13
			41 1.08542073729698e-13
			41.5 1.03902559661813e-13
			42 1.01548637987563e-13
			42.5 9.86740411672908e-14
			43 9.5969061596642e-14
			43.5 9.39040917426057e-14
			44 9.1717392907775e-14
			44.5 8.9241188309299e-14
			45 8.73538257955078e-14
			45.5 8.48029511548414e-14
			46 8.21308908547554e-14
			46.5 8.07914785761522e-14
			47 7.81566712219132e-14
			47.5 7.6860611219775e-14
			48 7.49241102546576e-14
			48.5 7.27511981947479e-14
			49 7.13522597573649e-14
			49.5 6.94641851814326e-14
			50 6.79791434736476e-14
			50.5 6.63806642106588e-14
			51 6.45527021610491e-14
		};
		\addplot graphics [xmin=45, xmax=55, ymin=2.1e-13, ymax=2.4e-13] {mol.png};
		\node[above] at (axis cs:30,2.1e-13) {Text on Plot};
	\end{axis}
	
\end{tikzpicture}
\end{document}